[-17.2782202523322; -30.26789273363369; 1722.017958023788; -0.00294195820580917]
[12.77356095356552; 15.10989390004669; 1723.395763701993; -0.004713368913003913]
[-18.01704066956179; -3.284128432882493; 1723.354116241448; -0.003905566443114961]
[38.16695019431702; 15.90221850757034; 1717.533811405554; -0.003724963379592397]
[24.11059008103325; -9.672517793950412; 1719.980257276185; -0.004779867180636496]
[35.08150815724059; 31.46206334473509; 1721.670379275058; -0.002126909226857193]
[25.352153342897; -11.4807924060257; 1722.970717573017; -0.004930317120243225]
[-43.72232460029642; 24.17500937787063; 1721.473413906221; -0.001397632338240147]
[-73.14308394680626; 64.78989705709631; 1716.244358507686; -0.002096509085610537]
[-19.36958284840105; 27.97689914866652; 1719.580869100646; -0.004692652435947462]
[-4.920472710504441; 32.5285585342032; 1720.348310066711; -0.004897273082364323]
[-26.5907075862992; 36.00702498659669; 1719.73260067847; -0.00497324591053398]
[-30.9270047845967; 21.5144971287142; 1717.473896728389; -0.004548817883172226]
[21.32394877969767; 32.04897232001941; 1718.977359211783; -0.003258619003000944]
[-15.30808489867846; 34.31621335263274; 1720.165800280918; -0.003043890431342411]
[-35.5869843962619; 36.15280166273531; 1719.006828122924; -0.004896852555977913]
[-20.61496210330407; 16.01941385138809; 1719.376504547241; -0.003933462050871495]
[-23.06959327939057; 16.57207279608414; 1724.531718502172; -0.002418801710576953]
[-28.90259124590753; 4.62742700158238; 1722.738785945052; -0.002131217510538587]
[1.60020492654894; -8.21529482067923; 1723.210973001123; -0.002472373172763418]
[-10.81658651996642; 0.8535719236227983; 1722.352109523169; -0.00418979194736301]
[-13.14534343568755; 39.52356139545651; 1719.904166990416; -0.003693680878656568]
[46.37700472240979; 2.538032433771765; 1720.84498511083; -0.003388159302625009]
[9.875184708691933; 28.32573842566862; 1718.846769475416; -0.004533614728231813]
[42.32632569820342; 30.42278511539503; 1720.016658594323; -0.002890572822840391]
[-54.38855285079396; 35.50922129935402; 1718.882991498781; -0.002691540794194997]
[-24.77328052535458; 51.41736927108091; 1720.164043194611; -0.0009843579874690542]
[-15.35167770055307; 4.850685992618217; 1720.334395961526; -0.004253438909305436]
[-19.36958284840105; 27.97689914866652; 1719.580869100646; -0.004692652435947462]
[-26.06909743878745; 16.25599780879782; 1719.206258199532; -0.004072232420268479]
[-17.85818352272801; 39.97824593594299; 1718.59188157821; -0.00405955064475528]
[1.844152334483056; 39.12196574484344; 1719.494248034654; -0.002438075337522866]
[0.7962132361809608; 25.13190586840076; 1720.756885263254; -0.00532937815602614]
[-20.77351833261781; 50.57605884568156; 1720.687390825212; -0.004472428815936589]
[-18.30289795324612; 23.51195179951462; 1720.712900371111; -0.003588909096554834]
[-3.285413318665235; 13.66666389384478; 1722.34015015696; -0.003667135574037778]
[-28.24109741140114; 28.79814797687802; 1719.850513753405; -0.003269633349795961]
[-33.55907465114942; -15.79051307005294; 1723.346534448495; -0.002996229277815044]
[-6.234247601393946; -26.25322501526133; 1721.79038236478; -0.003919263452732239]
[56.5157858334077; 24.51744752345546; 1717.455914226456; -0.00508554546725867]
[38.2599402209911; 26.82903185204474; 1719.56604469335; -0.005365142175025961]
[18.95993830352091; 19.87087241962371; 1718.947291197759; -0.005420268359825948]
[-3.528124958671071; 32.58124391347706; 1722.4002458805; -0.002970450416415119]
[23.87038354647217; 0.2408659658092134; 1721.707061041533; -0.005012363218282025]
[2.73397661443434; 31.62706803499088; 1720.890790455141; -0.001284448016855627]
[-28.39651872352528; 21.54892988629615; 1721.474803699378; -0.003102842297814081]
[-14.5992105066872; 31.47416024522938; 1720.116639790357; -0.005005309758821139]
[-27.47792996829276; 77.06513574956857; 1717.287179131258; -0.001543827101902901]
[-18.61652565881127; 26.6266277842927; 1719.397217218077; -0.003549114296325731]
[-14.23041528119194; 10.22412143585093; 1720.292286598691; -0.002896458879579386]
[-27.5178023890108; 38.79968214623493; 1720.531707607238; -0.003873330793402598]
[-23.43766502031647; 30.90396935029177; 1720.156188450019; -0.003810446058414743]
[-25.55204553755431; 16.95147182424079; 1721.495851627964; -0.003222717682328613]
[-9.73152009704026; -16.82904903890042; 1721.000061716117; -0.00517173012588016]
[-12.66854900672374; 20.00474142537968; 1721.930262825476; -0.003016148120629206]
[-4.75479299235144; 2.663102481505423; 1720.705959191559; -0.005329231334096024]
[-15.8841311830042; 1.269342745649148; 1723.635684991727; -0.004545578087332106]
[31.69559611646795; 5.565114333804033; 1719.752362608824; -0.003600180267366262]
[26.41170735424245; -3.417312740791118; 1721.280963196106; -0.003787631715865768]
[37.23905523039946; 17.50906584815526; 1717.131324185757; -0.00515549897532255]
[-12.64252515998223; 5.013970330589757; 1719.771359004885; -0.002108692354607598]
[-33.45320120697505; 14.80674537759802; 1722.446360876762; -0.004958718662037778]
[34.86862222854867; -3.434967948031211; 1719.231249184158; -0.004317042640134994]
[-15.79211060164869; 26.22474016105752; 1722.696964330549; -0.003248182334935412]
[-12.84902020660672; 31.08477555423779; 1723.218170900658; -0.003094694182322635]
[-15.56298573704913; 43.27418405501162; 1721.154221477103; -0.003732943310476421]
[-15.91215575592375; 42.86465195220228; 1719.713667750811; -0.004839489053802381]
[-2.452263863991703; 28.72998474032661; 1720.892898652608; -0.004895272833075321]
[-47.34682111817398; 62.05309797447994; 1716.384771186253; -8.062424901646032e-06]
[-63.19102710987153; 60.23198895975266; 1717.328091383201; -0.0013498254701281]
[-26.5907075862992; 36.00702498659669; 1719.73260067847; -0.00497324591053398]
[-42.7502669684128; 18.72166680014896; 1720.406571654381; -0.004155596020431429]
[3.670531867874217; -0.03909961583773836; 1722.948337980293; -0.003542870011646788]
[-2.775349458604694; 21.75107622777154; 1723.274258138361; -0.005852799188733144]
[4.222786388898328; 13.53610983109346; 1722.132865405125; -0.004769406953430022]
[-6.056215524802298; 17.60988328297642; 1718.816938632356; -0.004831908281976022]
[21.69909256165678; 0.3245427139754895; 1720.575191753386; -0.005151310341653698]
[25.13153314215813; 14.47689367202302; 1717.662646029467; -0.004879859536374378]
[56.48325749141679; -6.9800483457891; 1721.356296274798; -0.00448318201202768]
[37.899836948125; 2.370763586536874; 1719.375779271653; -0.005728108413816685]
[35.3580732274277; 1.179352159606449; 1722.405316572081; -0.004047965092206686]
[6.851710062580423; 8.254070255146697; 1721.132129275129; -0.004868584694790182]
[0.7765455555492338; -20.73318925940973; 1721.244711152292; -0.004608999993757006]
[-32.57616079224246; 7.57904721789793; 1719.01167951563; -0.004242808390271575]
[-11.47515641030492; 35.28205975943456; 1720.969750512849; -0.004188211803955779]
[-19.13877357727023; 46.46697430964029; 1719.74768303741; -0.004427166622700067]
[-21.54953459897322; 45.48627633170524; 1717.667079441838; -0.004333151692127556]
[-2.339289125762605; 30.23086732246419; 1720.421664856242; -0.006470485094671849]
[-25.90686329897213; 34.69805980214165; 1719.560303128751; -0.003826629675727084]
[-23.26856907354491; 0.4645122950786416; 1720.127376408581; -0.004668279391137832]
[-32.98240542938524; -0.4933116008921452; 1719.712237817749; -0.004721750242522714]
[-3.285413318665235; 13.66666389384478; 1722.34015015696; -0.003667135574037778]
[5.056624157943247; 21.32240635922379; 1723.025072858073; -0.004772479172931009]
[4.482610878401601; 32.90020466637912; 1717.239154117205; -0.003816878332958556]
[15.41857672805222; -53.85989575684637; 1721.399111092264; -0.004705171446673866]
[17.40713367558672; -1.839301900021447; 1721.401093682645; -0.002860752227676086]
[16.21918197002145; -11.28164429918904; 1721.167461979144; -0.002739317027377138]
[10.87144820638142; 0.5374132505202418; 1721.250491522454; -0.0045261706257307]
[10.06135159195273; 24.97907033783498; 1717.750477408196; -0.004968359133260998]
[60.06289184142432; 36.9578136214123; 1717.773377645442; -0.002144932355113099]
[9.790858806141557; 23.27087068753862; 1721.576517199096; -0.00539956030952367]
[-11.72846138978136; -0.8650774085616533; 1722.37190311207; -0.004092598648105441]
[-39.32673809912728; 14.82632892667466; 1720.022494707873; -0.003590528168087662]
[-29.33470338099056; -3.029530935366605; 1719.361529188882; -0.004728071542362909]
[-41.34901493916536; 57.57677097572018; 1716.516980231219; -0.001802562313239789]
[-25.90686329897213; 34.69805980214165; 1719.560303128751; -0.003826629675727084]
[-51.99969352940198; -8.134081981374315; 1720.205166917684; -0.004747344407528853]
[-15.65186787274692; -3.805588174017291; 1722.033849802708; -0.004135164931343849]
[27.33217262547987; -4.315488256664857; 1717.267584272972; -0.004005713653719571]
[5.380915188499159; -12.30833010261377; 1719.302792880253; -0.003928190914732157]
[-36.54568995842834; -9.58988543619137; 1720.120575632524; -0.002843791142965941]
[-25.91078651595652; 10.52654333837023; 1718.933859930591; -0.004493305413644461]
[-60.22409244505468; -16.64478416647197; 1716.069603088404; -0.003605029155700471]
[-2.235792831821556; -21.62105537312913; 1719.174982327422; -0.005447633594712445]
[-35.56432281852449; 6.492279353195935; 1720.96821117838; -0.0008918320562783255]
[-55.43152257863557; 21.93606777990568; 1719.072970179188; -0.00179598282023355]
[-26.68556948553908; -22.81438724865478; 1720.979112066217; -0.003007080998824428]
[-30.78609265432578; -19.78407950651129; 1716.869372217024; -0.002772345838621791]
[-53.60299448136382; 35.73167704243029; 1720.178381773861; 0.0001266293707883945]
[-38.16930850207115; -1.278177830761322; 1718.184519713773; -0.004747126304112437]
[-28.16536575692444; 33.06767962282004; 1721.031845046338; -0.004783886735626133]
[-50.73562474758344; 44.92276470102143; 1717.853868938693; -0.001872759177462448]
[-33.43459566168971; 25.61529655384563; 1719.157805148751; -0.003587022823880516]
[-32.04659644106729; 15.97488363938537; 1718.949002400795; -0.002596534069804896]
[11.11814319089609; 26.5851600418723; 1721.881885460046; -0.003318877467207196]
[-56.30529753316401; 47.56773134102666; 1717.037166143452; -0.002024830753661516]
[47.92683841186675; -6.423366853554594; 1719.955385806224; -0.003715410601961316]
[-12.26113072933214; 20.69604128737942; 1719.170560777878; -0.003326251437024893]
[3.541425762053024; -7.655225097989842; 1721.431069346727; -0.004502663361861811]
