[-0.9704384294597617; -95.32129061895856; 2296.062775691336; -0.003049945081703807]
[18.92435921965523; 61.76100199930042; 2297.841717180091; 0.001704969089677362]
[-53.78218818680597; 93.35420075411093; 2293.652961669066; 0.003047479274523442]
[-2.292699931048958; 102.4445428928401; 2290.548106652703; 0.002232497022591278]
[-35.77463351162686; 73.59650559757699; 2286.726184295569; 0.002661530431744836]
[28.69815198074355; 97.5474324709084; 2297.184117942332; -0.0003175912803117937]
[-42.28603802753236; 41.44881600847533; 2295.997096179; 0.001224394946624001]
[-82.35734142740174; 23.06044626119308; 2295.051573604237; 0.002572440857614626]
[-63.43006166113409; 70.68082413990254; 2291.619100875077; 0.004897056528898396]
[-87.40099803667701; 83.64185851738509; 2286.805419999428; 0.004948695487972248]
[-111.5673448721819; 74.19495109795942; 2285.406143819181; 0.005223289430568921]
[-90.32358894700008; 92.16615439373399; 2290.092818949759; 0.005566026624849344]
[-53.95617027961123; 121.6300167102206; 2287.931726130966; 0.003101662067971904]
[-171.2290467432296; 135.8585779346109; 2283.158166865746; 0.006109588923802427]
[87.50416687229369; -10.75947963080904; 2292.457467506712; -0.006920708397100954]
[-94.56087237361641; -3.197733700862216; 2285.186019281785; 0.002247602278340582]
[-62.64753765470826; 63.84199654826507; 2291.62854255096; 0.003294093126914723]
[-204.1904491903936; 131.0868082443172; 2276.305894677521; 0.007524859435884741]
[-20.11364963451607; 68.38628629377595; 2296.155528609398; 0.001617516683431044]
[-48.20463045196109; -12.15932189784033; 2292.560590945015; 0.0006130432262672603]
[43.78489228101671; -8.440073488886156; 2290.36618432963; -0.004603849811871059]
[-34.3457978123613; 19.27319122872512; 2295.255529541413; -0.0005286539239760999]
[35.81723061174876; 17.64703701885924; 2295.867283738137; -0.006319939102719426]
[-69.99546103122975; 148.3598844214732; 2283.244367574717; 0.0009211555255693577]
[-100.6932325923794; 21.4111633919351; 2290.704756081319; 0.006824964829684812]
[-150.9507366746064; 114.4705244695732; 2283.284440719124; 0.006605239737009691]
[29.11848951390925; -16.85228832440001; 2297.252429396884; 0.00612590846859892]
[-47.0580517983436; -11.61576967439208; 2298.055868065138; 0.009228290680050473]
[-58.29008642476381; -45.58889694992112; 2294.959496644782; 0.005255617120930116]
[-59.67061920638079; 57.76901057855565; 2292.225174955572; 0.002364398050150545]
[-138.4450928813324; 115.2685747687061; 2278.599995346617; -0.002255623443098845]
[2.506842003947213; 16.23713255295272; 2291.001648564739; -0.00829989377539141]
[52.68790576767708; 4.99561507596502; 2288.988511330409; -0.005748043637355903]
[-165.0614893370719; 112.9040644179002; 2285.843091234681; 0.006065286706832691]
[-39.68765659002787; -50.25461911413089; 2297.85539079023; 0.003324924014313338]
[-49.55051442565207; 42.1930001611199; 2294.988789516646; 0.01131489962269023]
[10.52952816453296; 26.28822570201346; 2293.676704025642; 0.009790884321520647]
[9.080067515635733; 110.6902994340524; 2294.697516428951; 0.008782964138998027]
[-110.9085014702508; 140.1937662541685; 2285.848505822985; 0.01040410260285636]
[-80.78510940823935; 150.4462556856996; 2283.272514884622; 0.004781195848004158]
[56.30833554100909; 24.23873202813479; 2295.444660405964; -0.005344648222330734]
[-55.33252341552691; -19.77249821258212; 2283.180789180034; -0.005202248770170963]
[-98.48621345396108; -6.093110349770797; 2288.668926979351; -0.006048404766548655]
[-55.84818107260065; 22.75456463125576; 2294.90241337639; -0.004896665075575733]
[-109.7895461933029; -60.90726018039749; 2291.031518981812; 0.0005238027651640088]
[-6.760596786447934; -65.68661599888867; 2298.593459458494; 0.00193736991378723]
[-9.461079794619991; 28.07446796240976; 2292.60241945711; 0.01071256171930067]
[-53.86223487760162; 48.89496429899255; 2289.967677347751; 0.01554584602819828]
[-39.8639980085249; 13.07764650575456; 2289.763617282299; 0.01603653940386736]
[-62.63607963664634; 19.93857003381243; 2294.690704190449; 0.01153155858992246]
[12.25206539637418; 0.01966701376429114; 2292.080921103794; 0.004804687984729572]
[16.51799147316768; -9.702122289106512; 2290.667540461575; -0.00384019698330902]
[19.52099982255993; 40.79180659653493; 2292.528532926289; -0.006418329940966971]
[-93.04318616831949; 42.38874193610759; 2286.821722967918; -0.001337481672698427]
[-18.47132631935438; -47.3255897999029; 2291.057686692398; -0.007055570700646197]
[-190.6351671303634; 86.14071326676213; 2275.739806188956; 0.004276009963745194]
[14.8511469007326; -79.53597881429496; 2287.292351716751; -0.002396548290484292]
[-71.1957066110665; 7.928479094572054; 2297.733756141153; 0.009151491074564925]
[-45.90352617914141; 81.53011029421675; 2297.230597301706; 0.01364018769012146]
[-50.6316308346945; 37.08559567532109; 2288.251091289755; 0.01194285813280534]
[-165.4079519552025; 123.6784957674996; 2275.170368407064; 0.01532744017421893]
[-90.72923644336953; 147.3270929366327; 2284.205887444918; 0.01029693318421289]
[-100.775735018426; 100.7665006108768; 2294.136383216193; 0.005372140028144865]
[-30.94652075501895; 92.9643180744967; 2295.240385992859; -0.005922604415601589]
could not detect all corners
[-9.543048694689929; 2.598684458248783; 2295.683572396964; -0.007141096164377068]
[30.93707435532883; -1.964451348654023; 2298.808729581555; -0.004687812344967564]
[-8.410429075311157; 113.154187040022; 2284.749697460768; 0.002140962496629112]
[-117.0480143955664; 93.08427696899003; 2286.05155178906; 0.01285248603038755]
[2.131043401024954; 136.881107198351; 2286.613730761514; 0.01404863896560761]
[-76.98648457242155; 63.9723820754057; 2290.526860436718; 0.01100915516169773]
[-65.0669192893327; -20.05433219844082; 2291.673943549104; 0.008412026222227078]
[-93.40459419945492; 45.58816787695882; 2294.689503185014; 0.0067956140764063]
[-168.0904739824243; 115.1641380526237; 2284.874518041943; 0.006320274516196915]
[15.60120302043242; 31.1213181797348; 2290.034602015458; -0.005030222554851376]
[68.6796993907206; 3.828510546988355; 2297.140303341938; -0.008172228249608275]
[100.0818741227505; 76.66811335315636; 2287.077281853861; -0.009515116215718412]
[-131.8643409344075; -14.51954625247012; 2289.105964441473; -0.001300006466465051]
[-36.02489869256223; 41.03702782777043; 2295.844846345496; 0.002108227098876447]
[-23.61149347616356; 103.7515681147364; 2286.049130318719; 0.004758719372684088]
[-67.12211436297687; 112.6655429336646; 2287.342270723529; 0.01108727265346198]
[-67.35034647602913; 62.67868842558023; 2291.598366253037; 0.01296090990665669]
[-102.5794663954452; 123.7026031104462; 2286.361865129481; 0.009157210602784759]
[-45.45208032098282; 65.45205899923334; 2291.230903644919; 0.006233675130717254]
[-6.258684795360125; 72.6657350994102; 2288.337015354417; -0.001125947677340092]
[-173.3167940323764; 124.760862122872; 2281.59897385577; 0.004585791821008428]
[-33.68755886786113; 168.0218138718732; 2284.576552700439; -0.005384058042879988]
[-112.1746532891425; 50.43800382887861; 2291.820433850331; -0.001951509042636352]
[-106.8792318428792; 55.65255763290357; 2288.865150803593; 0.003363191347346668]
[24.88333161772397; -2.933788272113844; 2302.803378536893; -0.001756341809161764]
[58.80837189458839; -40.33244930092468; 2295.239973385938; -0.001762997948628062]
[-77.78966196593143; 94.85505354362257; 2290.770607019102; 0.008078128707546595]
[-77.99669721937417; 69.33722011216977; 2285.947362319344; 0.01161913342190759]
[-81.84887091617352; 41.42003886996289; 2291.369536507058; 0.009510497820214752]
[-21.65887788222855; 62.72052338364901; 2289.964499250369; 0.003852457985208709]
[-64.35670535102116; 51.95194359784965; 2291.784673242147; 0.003094265742630269]
[-177.101892142408; 78.19590367690901; 2278.198972312734; 0.007006215907430289]
[-2.383812995931038; -31.7475700078061; 2290.8072852838; -0.002514237671675738]
[-46.96406047333392; -6.441448839256054; 2291.489789899511; -0.003136175467091118]
[-155.4638392408866; 189.0115423083982; 2271.731502097834; 0.0008267521374074937]
[116.3899695334196; -108.2808016387375; 2287.193821928763; -0.005752929359001925]
[-5.37446111487165; 64.88012603478799; 2285.313113435606; 0.005333336453212273]
[2.459568275946936; -54.98364832657143; 2294.035487384483; 0.005699406816570442]
[-29.75258969673936; 89.81903372253124; 2291.845503679553; 0.007444307078944282]
[-134.0952740452016; 109.4864192765017; 2289.07686731222; 0.01121353513568993]
[-17.62335078706835; 117.8154319154253; 2292.38899997566; 0.005064792086784757]
[-121.8114558191785; 92.03481178341971; 2293.0204592705; 0.005371537450805741]
[-147.6247673264425; 12.43211092377186; 2291.526497435091; 0.004792753654336521]
[-29.75291670025425; 58.9199594793769; 2296.162133236562; -0.006108456594296341]
[53.06259254282065; -60.86118240166599; 2297.704760566108; -0.006918052376675886]
[-71.00923775795246; 77.87734980744717; 2289.214213014482; -0.003247853192382378]
[-40.28755709146822; 37.91672189270064; 2287.319794146839; 0.001009191682746887]
[-17.9552086059021; 42.53886242846028; 2292.135115967352; 0.002704849244948539]
[5.953802560510724; -12.83900888113388; 2297.988710390036; 0.002532995919883784]
[24.34139378824977; 65.44025215872817; 2287.342125473411; 0.005379384681229104]
[-54.1412144631758; 92.33324822901224; 2287.491033106312; 0.0056679813512562]
[-114.1990669032076; 141.6305615569318; 2277.145434128987; 0.005938356072140205]
[-45.68241166437852; 109.1911556413674; 2290.422184408329; 0.004465324177714895]
[-147.2662710240736; 123.9490074904264; 2286.481909110395; 0.006331418709965863]
[52.20007786042862; 61.78100414339522; 2290.419015273646; -0.001092744692497451]
[52.20007786042862; 61.78100414339522; 2290.419015273646; -0.001092744692497451]
[-138.9169731778167; 106.8900014713016; 2291.069644879549; 0.006232035935774309]
[-87.5976746091612; 70.35133985831433; 2293.71450860238; 0.005332635319272687]
[20.67989531545533; 85.23607592989993; 2286.820582420475; 0.00321906533659747]
[-25.57160487840355; 100.831882895784; 2290.19239167822; 0.004049957542097838]
[-8.425865000727441; 124.0072403304498; 2286.248360779353; 0.004803341799230022]
[-8.098017687188587; -54.15899254616147; 2294.708650270592; 0.003345015654099734]
[-8.95696334009321; -24.46053607534279; 2290.640093457739; -3.446423600309269e-05]
