[-14.47507457997769; 5.241501167306483; 893.1692813606502; 0.001023770778106217]
[-10.00896159567641; -0.413027048093408; 892.7155074044842; 0.001466533984337095]
[-13.95017287164264; 5.021345912204008; 893.6055782974911; 0.002668094204090182]
[-7.123048323049375; 6.492460367784016; 892.7690576309076; 0.00211193586721488]
[-8.511407957948208; 6.085761608155394; 893.052295119023; 0.004824624150140872]
[-21.21738040567888; 13.14451285039886; 893.1356869833089; 0.00722799276452857]
[-2.633200164615204; 7.263869178725972; 893.44684072479; 0.005130634782795945]
[-13.20449717324679; 5.099910231737834; 893.5972438502827; 0.006776324395532697]
[-9.781860296688293; 5.956436023078608; 893.3205581288729; 0.007681412053926352]
[-10.20659860596065; 5.337935698643626; 894.1833451323637; 0.009636939202872105]
[-12.58397837205491; 6.445768584148874; 893.0792358332923; 0.009758392139190421]
[-19.63918374634638; 5.728046858542083; 893.6078908828827; 0.008417355954453292]
[-15.28526424173526; 1.646659340889839; 892.7847352228771; 0.007335942311854192]
[-10.61369510508577; -1.546332409346334; 894.042946737629; 0.005395667376027109]
[-17.82002534854296; 5.138829069918035; 893.2191785525999; 0.005523841099385881]
[-9.090064254327032; 4.821208949774772; 894.4143692312127; 0.002728699865719824]
[-5.988107072340185; 2.50361694725283; 893.157312501169; 0.001671418846668761]
[-6.611928659824699; -1.420933878064218; 892.3595451047272; 0.0003277070095302425]
[-10.36222793367187; 1.883896217948084; 892.9171359210242; 0.001008970597317232]
[-13.33830954381409; 10.56909013408806; 893.5363130087333; 0.002591445602578303]
[-12.43829636784108; 5.275346480054544; 893.6070343572014; 0.003421297439015064]
[-15.59842740099454; 7.588701827763353; 893.2006587387145; 0.005427110042871724]
[-5.227865082517908; 10.55910976496791; 892.9518975842443; 0.004523857322164732]
[-5.924538334677592; 3.498435407687086; 892.6641901439809; 0.004991669630621693]
[-2.828806726781764; -0.2445911991646774; 893.6481419774088; 0.006045109291550859]
[-11.98295295540247; 5.776832878415616; 893.2452863789563; 0.007258081143393031]
[-14.9476309172064; 9.446785168615461; 893.1071254864167; 0.007863951253891274]
[-10.74881477796797; 10.99755276248655; 892.9288838799706; 0.007791826694075976]
[-10.9727507249416; 4.35424355110233; 893.3330683063563; 0.007475505915811043]
[-20.95090525229853; 8.705163197592812; 893.4650499367515; 0.008072760590323582]
[-10.28422597530947; 7.490204603491275; 894.0544427396069; 0.005569986094539579]
[-8.283659303121709; 1.699401092363926; 893.4221388719149; 0.005392087955727011]
[-10.41185348879266; 3.055722265264782; 894.1849901046805; 0.004118809615668366]
[-7.872447449269544; 0.3118840159208673; 893.4822394200021; 0.002939385608530763]
[-7.535110614910622; 12.45718808100709; 893.9713355372403; 0.00314492225309786]
[-5.555583804949904; -3.492091647594622; 893.9174649171176; 0.002354928084196548]
[-18.73078061561581; 4.889927026900855; 892.9337733981224; 0.004105882963775378]
[-9.409972071612998; 11.24433474679124; 892.8970231058181; 0.002412057343905388]
[-12.0298089047798; 8.912412636874834; 893.2379206588555; 0.004618734140698114]
[-11.99193726216343; 6.260046305997562; 893.2773500068862; 0.004891409355280061]
[-6.769811196386996; 7.711451111230487; 893.8915468550489; 0.003244416559148682]
[-5.805852589795236; 9.321498064333237; 893.2351193233706; 0.004431740705947914]
[-7.774981640101657; 6.947737941843251; 892.7628802178958; 0.005150275169034302]
[-6.142303695128618; 11.72317385823711; 893.7150271619812; 0.004878842107605409]
[-13.09186464953135; 0.9432121243818905; 893.2964527210521; 0.005598587776191826]
[-10.66421696876216; 11.60146667422224; 892.9924423529038; 0.006683926541333612]
[-9.29866606968146; 9.353275574429627; 893.7804765078544; 0.005008206404488577]
[-13.66864952160947; 14.3593704353899; 893.9377767522288; 0.007806973035444461]
[-17.51372262383441; 12.69977293069819; 892.4949467626761; 0.006146324553640359]
could not detect all corners
[-7.538198346870672; 2.772312377602447; 893.5976683629162; 0.005878877086690549]
[-15.31736609918028; -1.065798511975149; 894.679377463841; 0.006445118065720208]
[-18.83909825470174; 8.368619961438011; 894.6891901005831; 0.006365195788076128]
[-11.08599078259648; 1.72816314169475; 893.7505902283344; 0.005233400452223553]
[-8.178671895189154; 2.794063276168808; 893.5972307910884; 0.005111872448525639]
[-15.55020491156999; 9.260341435839521; 892.6543091786001; 0.004601969905326459]
[-14.44626295064732; 6.710860098828627; 893.6487466910895; 0.004095082783457171]
[-8.676800994504475; 8.447156663565313; 893.3918504505324; 0.002932750889687101]
[-15.73600762935069; 9.674139161585229; 893.8959086689041; 0.003241395252226781]
[-7.527060087726824; 2.167549802557513; 893.0562979475199; 0.002238459364558929]
[-10.98304364921871; 0.6017374310845227; 893.3839272769281; 0.003547192038938631]
[-13.20292394608282; 5.550483169419701; 893.0284988058612; 0.003664452417343683]
[-8.649399042856842; 8.071916341872866; 894.3695247730645; 0.005284286167486562]
[-16.98323833553201; 6.559249013751987; 892.7015607109214; 0.00509684100512753]
[-7.347477448265877; 11.59635505177638; 894.2868720450363; 0.007314391186304622]
[-4.301157344089134; 6.538940170943532; 893.6502228864268; 0.005701082029636785]
[-17.13532533524946; 4.737991470757885; 893.3546131738383; 0.007235295710730742]
[-8.672314019227429; 4.374446119464386; 893.7884723666829; 0.007882572016005372]
[-11.74235808083432; 4.478864681744836; 893.4084024791597; 0.008510085048253794]
[-13.43258413667137; 5.88460309278017; 893.5973951009016; 0.006785057537146582]
[-14.66296073463157; -1.972780214924112; 894.3714125236982; 0.006698065842566474]
[-14.6573190400749; 2.742958194399478; 894.5347014832186; 0.006763236741937428]
[-12.85371080368134; 2.715559580042251; 893.0609662146271; 0.004640010136269863]
[-0.6796106131340451; 2.712065296803333; 894.5095777477594; 0.002823314363266422]
[-10.87773752533649; 8.820844640443454; 892.8828762258104; 0.003630438650188458]
[-12.97685484508868; 2.027048853532845; 893.2013408396389; 0.002450306833670796]
[-12.18787485454502; -2.875709419460277; 892.683540737105; 0.001980895737678428]
[-13.51231766512459; 2.658888318685461; 892.3268813887446; 0.003312227022134933]
[-12.78650229199991; 6.638702017625821; 893.2976052394523; 0.003363656362878911]
[-9.597066832504524; 6.03503080258665; 893.6826617649302; 0.003973295114320014]
[-7.730163095458735; 6.690728237156398; 893.2937647191867; 0.004306137297085309]
[-13.28373550481797; 7.604330445313105; 894.2621253375122; 0.007201650066593102]
[-18.48084517385996; 7.603615035294929; 893.5818548876856; 0.006442666869286674]
[-14.25656526272759; 6.347327959135827; 893.5476312122133; 0.008769039573000313]
[-15.92871928610145; 9.820214105096939; 892.8460528660356; 0.008238850478736796]
[-18.53355637139111; 9.255565826847025; 893.1279014057136; 0.00806824824309239]
[-10.95454101635458; 5.980142428360262; 893.217746955985; 0.008153538330003686]
[-14.75077889611946; 2.326862758166447; 893.0698311747939; 0.007502412129487097]
[-13.31828769156387; 4.866203546352279; 894.116779510097; 0.006119244640448265]
[-8.392033174290276; 6.347461613439314; 894.0754134149674; 0.004760138715587938]
[-13.04265243065493; 10.43227207696644; 893.682510659307; 0.005193805017894865]
[-13.13744208436997; 3.176156538566181; 893.8771139696222; 0.004059627237644542]
[-4.127762268903297; 2.362141830187745; 893.4599118545245; 0.002058137516162876]
[-11.47260253580815; 13.06883916175961; 893.2503105477683; 0.002826025317216804]
[-13.79211113206206; 2.16189049643911; 892.9052436367137; 0.003462882532612158]
[-14.20070851582889; 6.498877371346746; 893.5859172597812; 0.003579277578577578]
[-14.48606236865539; 8.166056699482535; 892.8358996456906; 0.004704133035930686]
[-10.93422545857463; 8.469717088760575; 892.763775226931; 0.005289452891374583]
[-4.930370979227789; 5.48820231139169; 893.4218184256624; 0.004470347222590143]
[-10.14197402648; 6.614269808031239; 893.1178298792969; 0.004860624993706136]
[-11.76419952700232; 4.952248902645973; 893.8053391797399; 0.006673160204608329]
[-4.654702764752301; 3.071498561416773; 893.1833743879178; 0.004854859062583931]
[-17.11099591472843; 12.42450446856778; 892.9206476317904; 0.006427403022146086]
[-18.56328359094536; 3.81766887007328; 893.7033194482113; 0.007464365096001626]
[-16.97205858443411; 14.97420779127174; 892.9898160994076; 0.007178540906891039]
[-15.39168693529602; 10.2766642091502; 895.176998364726; 0.006586481238590025]
[-8.623076147565243; 8.777580603428914; 893.0617112059141; 0.006619904948615539]
[-8.349881457113923; 6.05098186462194; 893.2910866174428; 0.006295284910267001]
[-6.543297745212527; 1.062002956879283; 894.02808454122; 0.00404215122163881]
[-16.863900579259; 7.596343580261365; 893.2745239908705; 0.004335233783503607]
[-8.860293529010434; -0.2736991392252772; 894.2772032482471; 0.004700877392058839]
[-7.423845967175566; -2.103997942761188; 893.0452659585943; 0.002748184652208129]
[-15.76054672983509; 6.595207553628502; 892.9655056486596; 0.00406354909864321]
[-8.185733765261105; 2.498845016496356; 893.0325837859832; 0.002984475609385353]
[-12.75595373913333; 7.194490159538359; 893.401412408401; 0.004196614968988377]
[-9.53796408897206; -1.231029153069191; 892.4445825720406; 0.003136525600563323]
[-0.4955578199841852; 2.846584018920062; 893.0439696166223; 0.004083321871898896]
[-5.056285643796414; 2.30683381206517; 893.5458489665704; 0.003845571170901258]
