[-4.49189216570052; -2.929290520436805; 1212.961009097837; -0.01133833862001503]
[6.619342929958862; 0.2161034192787851; 1211.782893007607; -0.01193887710188318]
[-13.9960067166424; -8.843937163007086; 1211.563888402396; -0.01344781177016842]
[-3.680914789456878; 14.15672756133523; 1210.587552815219; -0.01190601709484027]
[-14.60983113302628; 16.20859229654304; 1212.267291746482; -0.01244471419542544]
[4.45203042977397; 0.1898853833966649; 1209.916500516994; -0.01190393085003154]
[0.4803291913994485; 1.470611317343535; 1210.318927291949; -0.01272829453854166]
[-7.840548197464571; 5.05999912714869; 1211.480523218022; -0.01318958759678117]
[-1.588722121657; -0.7661028472175153; 1212.580051549505; -0.01313647529903476]
[18.91553443973768; 8.066892579402619; 1211.939203208816; -0.01361867234747702]
[-6.89151844173864; 2.409610109379741; 1212.417873582568; -0.01219636384173743]
[-28.96721172505518; 3.285743977530675; 1210.912746664966; -0.009512586993927175]
[7.539683245547451; -12.12389983022401; 1211.177317295394; -0.01295408342751828]
[-27.2652224034595; -5.913465389787122; 1211.166716740078; -0.01011560466965102]
[-16.26899990902727; 11.36588113464988; 1213.088163765806; -0.01058380998358997]
[-17.08964654905473; 5.890863479061581; 1210.699524756377; -0.01133839954648725]
[-30.05159497967273; 11.08717484182169; 1212.143861647544; -0.00982450514944287]
[-4.951532538500757; 9.006417030865958; 1212.327415087135; -0.009284977651189562]
[-3.602599064707732; 20.2870616876174; 1211.336099544192; -0.008609278449047955]
[-15.79971784437045; 24.07836651316605; 1211.498316894584; -0.008154071645060518]
[-5.212078070853323; 11.35894514594935; 1211.79091464238; -0.01030629797691516]
[1.337045180602388; -0.01187213383626284; 1211.843613372286; -0.01380000887747635]
[2.678045427919187; 7.155348678480191; 1212.06705148047; -0.01457898908527841]
[-5.933683904535158; 15.05175498840141; 1210.978073788812; -0.01122457737116874]
[13.6156418975404; -0.4344034074715002; 1212.447654988526; -0.01550104139505773]
[-6.142062509613595; 0.09296502761409473; 1212.783343724354; -0.01562082008464213]
[4.644502402059715; -3.694202449450289; 1212.741674280742; -0.01566312070301544]
[-6.438480601113682; 7.741973903002561; 1212.298937337968; -0.01737147570745583]
[-0.9213720296116321; -12.87480367828032; 1211.721378180182; -0.01779390810599282]
[1.978252861146615; -27.90195475564204; 1210.900867233369; -0.01681578626472451]
[-0.4206933205179553; -29.18182282771164; 1211.381856441334; -0.01486736250481939]
[-6.717234876871672; -6.200476211915738; 1210.712676494324; -0.01129933168756251]
[-23.21706104177065; 9.564597865014083; 1209.703836469882; -0.01193685430109004]
[-11.6162321972423; -2.320918255369653; 1210.809366619776; -0.01122105412512387]
[-14.68395036037967; -15.55384139977718; 1210.71199957033; -0.0118448266130919]
[-18.24943311969383; -7.582206302905878; 1210.151640682119; -0.01185792282196825]
[-11.34814172266285; 0.6727168630146414; 1210.325611243134; -0.01120720909180335]
[-26.20662687403377; 2.021141543944443; 1210.606387984975; -0.009909095454137023]
[-15.21518506242518; 2.353310717471676; 1212.235881182048; -0.01162841934421734]
[-6.481817793722271; 7.446453098612658; 1212.203382668355; -0.01148345403757936]
[-2.457065168366881; -10.23832072821311; 1212.443374129967; -0.01433990511627682]
[-21.48811229245754; 19.49187951872353; 1212.658840391514; -0.01289557375621379]
[-0.2971222577312176; 0.9895458036760932; 1211.395384228291; -0.014714799607487]
[-12.04256322770273; 0.07146973160396697; 1211.760371975883; -0.01420597366562994]
[-11.52570716928946; 2.881100136330377; 1211.421371926672; -0.01367614934693841]
[5.279160309793696; 0.1336076085149639; 1211.226750331067; -0.01674429130348517]
[-23.09409528508699; 0.08079202959030707; 1211.599486477982; -0.01328841867144478]
[8.681327604113363; -15.8153980364711; 1211.836574822666; -0.01700470126998233]
[2.264163194731651; 2.919121851413682; 1210.999462661538; -0.01501053809486784]
[-10.02431409583069; 10.42658597151001; 1211.128942475845; -0.0128806312943644]
[-11.42520248175192; 1.530601373371863; 1210.548642190596; -0.01222180029416655]
[-14.68651213854083; -5.037265035890667; 1212.037912707272; -0.01139238523014976]
[-25.14957902685757; -4.556156992597274; 1211.061237180077; -0.01078760665669272]
[-11.32096566959306; 12.56164191624718; 1211.901483773245; -0.009974965089842797]
[-25.94661011745474; -1.770355525103554; 1209.724332262626; -0.01136390160264701]
[-10.76709368807201; 4.305366522314675; 1210.065166574888; -0.0107419919153974]
[-12.4367609764909; -13.16121569653889; 1212.01425941818; -0.01157880556333003]
[-35.0699702802454; 0.6773672805660633; 1209.487776057995; -0.01101840473008464]
[-14.88931919264652; 9.911905902429533; 1211.10678769765; -0.01135149017067806]
[-27.59072319221798; -0.6006214805391052; 1210.723987964162; -0.01105796383107306]
[-24.56997751184082; 9.9228355856931; 1209.615512805081; -0.0111150506402877]
[-8.192667115643673; 11.77769426139045; 1211.00743314122; -0.01294850273661378]
[-8.054997070828946; 21.47631083195106; 1212.099646578347; -0.01357754819376994]
[2.251208113011131; 6.762022877979821; 1211.042291047753; -0.01511228040389576]
[-6.958820453942977; 25.29816920671362; 1211.946889755235; -0.01279807337939659]
[-8.338100029598749; 7.568559445629108; 1211.586438320279; -0.0138593149968472]
[-20.47369636716199; 7.384093483903914; 1211.676533929999; -0.01308603164514919]
[-19.89615432824172; -4.33471692107099; 1211.164074263367; -0.01066093024132972]
[-15.67438129052572; 22.0797648602508; 1212.245932341126; -0.01307539463482647]
[-38.11438791276265; 1.600500233055214; 1210.469875484123; -0.01188725715497826]
[-1.7264598920667; -7.543662764198976; 1212.102332792987; -0.0134147052715919]
[-23.18078149202624; 8.607546728111167; 1212.112584474366; -0.009534661125723593]
[-19.17402888182781; 8.072514994895542; 1211.315311313946; -0.01006637354103422]
[-10.56193527715335; 2.18300378559355; 1211.303521461988; -0.01078653803446773]
[-7.967713830115329; -3.990323026442854; 1211.239840088115; -0.01098831779646975]
[-20.67257559255444; -8.385305864790229; 1210.302101776214; -0.01163090916744745]
[-36.41375433693555; 6.48315428063647; 1209.525384357533; -0.009456519615844159]
[-16.04003377337951; 4.689814001648369; 1212.312192714224; -0.01114631457470552]
[-28.58733184961591; 5.57920908817318; 1210.598161064753; -0.01220369003410859]
[-27.37394539055909; 3.100681402423057; 1210.896743030812; -0.01294582803034438]
[-9.839462494276489; 17.19126247083927; 1211.931320490653; -0.01341489671861911]
[9.564642882098354; -30.60305305032807; 1210.799926702569; -0.01517914415819038]
[-20.46451654526571; -3.091461405192696; 1211.832816124616; -0.01353579024721213]
[-7.754659201328806; 10.38297526214169; 1210.164357593895; -0.01321582861369715]
[3.218332423681119; 10.16263236602754; 1211.290499742165; -0.01528852894084567]
[0.08424065613377252; 0.9962412972503025; 1211.560475400532; -0.01602603514890473]
[-11.19643804430811; 18.59126719201398; 1211.912810856958; -0.01292088327572128]
[-12.48107588217843; 13.06917842262344; 1211.98351826224; -0.0125100968545891]
[-27.00327702750243; 5.60230134315379; 1210.969739588803; -0.01135060774161314]
[-19.66851421810509; -9.360433322854663; 1210.462695282368; -0.01087208749166221]
[-10.10257206681054; 5.244286388134392; 1211.223677557159; -0.01150361378201759]
